﻿date,total_confirm,total_suspect,total_heal,total_dead,total_severe,total_input,total_storeConfirm,today_confirm,today_suspect,today_heal,today_dead,today_severe,today_storeConfirm,today_input
2021-03-07,102101,0,96783,4848,,5091,470,37,0,0,0,,0,19
2021-03-08,102125,0,96801,4848,,5099,476,24,0,0,0,,0,8
2021-03-09,102152,0,96835,4848,,5104,469,27,3,0,0,,0,5
2021-03-10,102172,0,96859,4849,,5115,464,20,0,0,0,,0,11
2021-03-11,102203,0,96887,4849,,5124,467,31,1,0,0,,0,9
2021-03-12,102276,0,96914,4849,,5131,513,73,0,0,0,,0,7
2021-03-13,102333,0,96953,4849,,5141,531,57,1,0,0,,0,10
2021-03-14,102363,0,96990,4849,,5146,524,30,0,0,0,,0,5
2021-03-15,102411,0,97011,4849,,5159,551,48,0,0,0,,0,13
2021-03-16,102433,0,97038,4849,,5163,546,22,4,0,0,,0,4
2021-03-17,102450,0,97079,4849,,5169,522,17,2,0,0,,0,6
2021-03-18,102479,0,97112,4849,,5179,518,29,1,0,0,,0,10
2021-03-19,102502,0,97132,4849,,5183,521,23,1,0,0,,0,4
2021-03-20,102523,0,97169,4849,,5195,505,21,2,0,0,,0,12
2021-03-21,102539,0,97194,4849,,5202,496,16,0,0,0,,0,7
2021-03-22,102566,0,97232,4849,,5211,485,27,0,0,0,,0,9
2021-03-23,102589,0,97283,4850,,5221,456,23,0,0,0,,0,10
2021-03-24,102612,0,97315,4850,,5232,447,23,0,0,0,,0,11
2021-03-25,102635,0,97361,4850,,5243,424,23,1,0,0,,0,11
2021-03-26,102659,0,97406,4851,,5254,402,24,0,0,0,,0,11
2021-03-27,102680,0,97430,4851,,5262,399,21,1,0,0,,0,8
2021-03-28,102698,0,97457,4851,,5277,390,18,0,0,0,,0,15
2021-03-29,102715,0,97483,4851,,5285,381,17,0,0,0,,0,8
2021-03-30,102734,0,97499,4851,,5290,384,19,1,0,0,,0,5
2021-03-31,102762,0,97518,4851,,5300,393,28,0,0,0,,0,10
2021-04-01,102790,0,97541,4851,,5305,398,28,2,0,0,,0,5
2021-04-02,102838,0,97570,4851,,5324,417,48,0,0,0,,0,19
2021-04-03,102867,0,97595,4851,,5335,421,29,2,0,0,,0,11
2021-04-04,102908,0,97615,4851,,5352,442,41,0,0,0,,0,17
2021-04-05,102949,0,97646,4851,,5361,452,41,0,0,0,,0,9
2021-04-06,102970,0,97664,4851,,5371,455,21,0,0,0,,0,10
2021-04-07,103003,0,97681,4851,,5384,471,33,0,0,0,,0,13
2021-04-08,103034,0,97700,4851,,5397,483,31,1,0,0,,0,13
2021-04-09,103066,0,97733,4853,,5411,480,32,0,0,0,,0,14
2021-04-10,103083,0,97749,4853,,5421,481,17,0,0,0,,0,10
2021-04-11,103113,0,97771,4854,,5435,488,30,1,0,0,,0,14
2021-04-12,103136,0,97794,4854,,5443,488,23,0,0,0,,0,8
2021-04-13,103165,0,97815,4855,,5454,495,29,2,0,0,,0,11
2021-04-14,103185,0,97838,4856,,5464,491,20,1,0,0,,0,10
2021-04-15,103203,0,97858,4856,,5474,489,18,0,0,0,,0,10
2021-04-16,103237,0,97871,4856,,5488,510,34,0,0,0,,0,14
2021-04-17,103273,0,97888,4856,,5504,529,36,1,0,0,,0,16
2021-04-18,103315,0,97910,4856,,5515,549,42,1,0,0,,0,11
2021-04-19,103340,0,97929,4856,,5524,555,25,0,0,0,,0,9
2021-04-20,103371,0,97973,4856,,5543,542,31,0,0,0,,0,19
2021-04-21,103382,0,97996,4856,,5549,530,11,2,0,0,,0,6
2021-04-22,103419,0,98030,4856,,5568,533,37,0,0,0,,0,19
2021-04-23,103441,0,98052,4856,,5577,533,22,3,0,0,,0,9
2021-04-24,103464,0,98078,4856,,5590,530,23,2,0,0,,0,13
2021-04-25,103484,0,98100,4857,,5601,527,20,0,0,0,,0,11
2021-04-26,103503,0,98116,4857,,5612,530,19,0,0,0,,0,11
2021-04-27,103529,0,98147,4857,,5624,525,26,4,0,0,,0,12
2021-04-28,103562,0,98173,4857,,5644,532,33,1,0,0,,0,20
2021-04-29,103595,0,98195,4857,,5657,543,33,3,0,0,,0,13
2021-04-30,103622,0,98228,4857,,5673,537,27,3,0,0,,0,16
2021-05-01,103649,0,98259,4858,,5688,532,27,1,0,0,,0,15
2021-05-02,103667,0,98287,4858,,5699,522,18,0,0,0,,0,11
2021-05-03,103694,0,98307,4858,,5716,529,27,0,0,0,,0,17
2021-05-04,103713,0,98333,4858,,5723,522,19,6,0,0,,0,7
2021-05-05,103731,0,98361,4858,,5728,512,18,1,0,0,,0,5
